1739330160766402630
1753594294383018367
1753444196143554573
1753210716390142417
1753087149124325729
1751660830666662114
1751590953272393804
1750201802656768227
1748337010191077462
1746912836310405326
1745996828724847009
1745777693709476046
1759686717961810329
1759563464123584526
1759677443793686699
1758547534127988847
1758918298329285002
1759451466891182087
1758817680486760921
1758452574628311527
1759602115746406514
1758257847840682097
1758960548564156420
1759032249574731813
1759624550130532637
1758162282360508626
1758251086131949820
1758987570208219223
1758183067141673349
1756899744587133328
1756901229601362387
1757780318960918798
1758121023960920382
1757423285283811376
1756899500440899700
1756898483104092168
1756898476837793936
1756898725870419982
1756898737107198381
1756942784005849268
1756991276023787806